8.353092700299774833e+02 5.978753619103742949e+02
7.703729406338874242e+02 6.582202336723973985e+02
8.707290860642084454e+02 3.578077199005867897e+02
9.809240692818158323e+02 3.164846011939839627e+02
7.782440108637165395e+02 3.164846011939839627e+02
8.208789746086241621e+02 6.870808245151041547e+02
6.982214635271207044e+02 4.739060057905660415e+02
7.369208921571137125e+02 4.227440492966768488e+02
6.162311486330676189e+02 4.857126111353096576e+02
6.378765917650976007e+02 6.975755848215429751e+02
4.371643009044555583e+02 3.879801557815983415e+02
2.620329882907581123e+02 3.715820928027876562e+02
3.663246688359936343e+02 3.630551000538061999e+02
3.499266058571830627e+02 5.539285531271618765e+02
2.764632837121114335e+02 5.808213764124113823e+02
